1 46 58
3 22 23
7 42
13 14 23 52
14 15
15 29 41
22 23 34 65
23 67
29 41 42 55
34 46 63
41 52 87
42 72
46 58 78
52 67 86
55 89
58 74 77
63 65 79 100
65 67 82
67 82 102
72 105 107
74 94
77 78 94 124
78 79
79
82 100 140
86 87 102 116
87 105
89 105
93 94
94
100 111
102 127
105 107 108
107 161
108 116 135
111 124
116 127 142
128 142 135 161 187 199
122 123 144
123 124 144 165
124 153
127 133
133 140 157
135 161
140 154 156
142 157
144 163
153 154 180 184
154 156
156 157 184
157 185
161 199
163 176 191
165 180 191
176 190
180 184 190
184 185
185 187
187
190 191
191
199

