11 97
30 98
41 98
48 99
77 97
86 97
95 96
8 91
15 91
36 91
41 90
45 91
54 92
62 94
71 94
79 91
94 87
4 87
10 86
19 88
27 84
41 82
48 87
59 86
63 85
70 91
71 86
75 88
86 85
97 85
6 83
16 80
23 81
36 80
43 77
46 76
51 82
61 81
65 82
73 78
76 80
94 79
2 78
11 75
18 74
25 76
30 78
37 73
49 73
54 77
63 76
68 78
74 73
78 75
86 75
97 73
5 73
14 71
16 68
20 69
26 68
30 69
38 64
43 65
48 66
52 67
57 69
65 70
71 71
78 69
85 69
92 68
4 68
8 63
12 64
19 64
23 60
28 61
31 62
40 60
47 58
49 61
56 62
61 65
65 66
72 63
79 61
82 59
85 63
90 62
97 62
2 58
2 54
8 56
11 57
26 54
29 55
33 57
37 56
44 53
51 57
60 62
66 62
72 59
88 57
94 55
98 55
86 48
31 47
35 53
38 48
40 50
47 50
52 52
60 55
72 49
80 45
72 43
96 41
2 38
5 37
10 37
22 38
29 40
42 46
56 48
65 46
77 27
79 42
40 39
44 43
52 43
61 38
68 41
82 39
94 32
18 32
32 36
40 36
52 36
64 36
72 34
79 35
2 26
6 26
11 27
14 28
19 29
24 30
29 32
31 29
34 32
36 28
45 31
47 26
53 26
58 26
66 30
67 15
82 26
89 27
98 27
10 23
15 23
25 21
35 24
43 22
45 19
53 21
57 20
87 6
74 21
84 16
93 20
97 15
1 17
5 18
12 19
21 17
27 16
32 18
35 17
40 20
49 15
56 10
62 12
71 14
80 14
5 9
10 6
15 12
17 4
30 11
32 8
36 8
42 13
43 8
66 3
81 4

