1 8 9
2 10 20
3 4 11 12
4 13
5 15 16
6 7 29
7 17
8 18 19
9 19 20
10 11 21 34
11 22
12 23
13 14 23 24
14 15 25
15 16 26 28
16 28 29
17 29 30
18 31 43
19 32
20 33
21 33
22 23 34 35
23 37
24 37 38
25 38 39
26 27 39
27 28 40
28 41
29 41 42
30 42
31 43 44
32 44 45 43
33 46
34 47 48
35 36 48 65
36 37 49
37 50
38 50 51
39 51 52
40 41 52 53
41 54
42 56 72
43 57
44 58
45 46 58 59 60
46 47 61
47 62
48 62 63
49 50 66
50 67
51 52 67 68
52 69
53 54 69
54 55 70
55 71
56 91
57 58 73
58 59 74 75
59 75 76
60 61 76
61 62 76 78
62 79
63 64 79 80
64 65 81
65 66 82
66 67 82
67 68 84
68 69 85
69 86
70 71 87
71 72 89
72 90 91
73 74 92
74 75 92
75 94
76 77
77 78 94 96
78 79 97
79 98
80 99 100
81 82 100
82 101
83 101 102
84 85
85 103
86 103 104
87 88
88 89 117
89 105
90 91 105
91 105 107
92 93
93 94
94 95
95 122
96 97 109
97 98 109
98 99 110
99 110 112
100 101 112 113
101 114
102 103 115
103
104 116
105 106 108
106 107
107 119
108 117 119
109 110 124
110 111
111 112 124
112 125
113 114 125
114 115 126 131 132
115 126 127
116 117 118 127
117 129
118 129 134 142
119 136
120 121 144
121 122 145
122 123 146
123 124 137 148 149
124 130 138
125 131
126 127 132 140
127 133 134
128 142 143 160 172 188
129 135 142 143
130 131 139
131
132 140
133 140 141
134 141 142
135 136 143 161
136 162
137 147
138 150 152
139 140 153 154
140 154 156
141 142 158
142 143 158
143 160
144 145 177
145 146
146 147 163
147 164
148 149 164
149 150 165
150 151
151 152 165 166
152 153
153 154 166 167
154 155
155 156 167 168
156 157 169
157 158 170
158 159
159 170 172 186 198
160 161 173
161 174
162 175
163 177
164 178 179
165 179 180
166 181 183
167 168 183
168 184
169 184
170 185
171 173 175 199
172 187
173 174 188
174 175
175
176 177 189
177
178 189 191
179 191
180 181 193
181 182 193
182 183 195
183 196
184 185 197
185 186
186 198
187 198
188 199
189 190
190 191 192
191 192
192 194
193 194
194 195
195 197
196 197
197
198 199

